% -------------------------------------------------------------------
%  Generated by MATLAB on 15-Nov-2020 09:01:30
%  MATLAB version: 9.0.0.341360 (R2016a)
% -------------------------------------------------------------------
                                     

ans = 'hello world';

